Cxb_cyl_fill_eng_spd=[600.0000000 750.0000000 1000.0000000 1250.0000000 1500.0000000 1750.0000000 2100.0000000 2500.0000000 3000.0000000 3500.0000000 4000.0000000 4500.0000000 5000.0000000 5500.0000000 6000.0000000 6500.0000000 ];

Cxb_cyl_fill_intk_mfld_prs=[12.0000000 24.0000000 36.0000000 48.0000000 66.0000000 84.0000000 102.0000000 120.0000000 144.0000000 168.0000000 192.0000000 216.0000000 240.0000000 264.0000000 288.0000000 312.0000000 ];

Cxb_cyl_fill_mdl_ex_vlv_cls_angl_cyl_vol=[310.0000000 316.0000000 322.0000000 328.0000000 334.0000000 340.0000000 346.0000000 352.0000000 358.0000000 364.0000000 370.0000000 376.0000000 382.0000000 388.0000000 394.0000000 400.0000000 ];

Cxb_cyl_fill_mdl_intk_vlv_cls_angl_cyl_vol=[430.0000000 438.6666667 447.3333333 456.0000000 464.6666667 473.3333333 482.0000000 490.6666667 499.3333333 508.0000000 516.6666667 525.3333333 534.0000000 542.6666667 551.3333333 560.0000000 ];

Cxb_cyl_fill_mdl_vvt_ex_angl_ovlp_fac=[0.0000000 7.0000000 10.0000000 13.0000000 29.0000000 43.0000000 58.0000000 60.0000000 ];

Cxb_cyl_fill_mdl_vvt_intk_angl_ovlp_fac=[0.0000000 2.0000000 8.0000000 23.0000000 31.0000000 38.0000000 53.0000000 60.0000000 ];

Cxm_cyl_fill_mdl_cor_1=[0.6749754 0.6986500 0.7303153 0.7247983 0.6940696 0.6605523 0.6341770 0.6558924 0.7052191 0.7516681 0.8021142 0.8008691 0.7712917 0.7231150 0.6730991 0.6552517 ;
0.6621237 0.6906034 0.7395526 0.7274309 0.6981251 0.6792983 0.6726230 0.7073543 0.7477173 0.7842579 0.8211089 0.8094302 0.7838315 0.7437218 0.6924659 0.6770389 ;
0.6603894 0.6834728 0.7195212 0.7226205 0.7100066 0.7055559 0.7177835 0.7535179 0.7867428 0.8175311 0.8360280 0.8188580 0.7958942 0.7642108 0.7154153 0.6964270 ;
0.6712657 0.6842559 0.7053560 0.7185784 0.7270877 0.7393199 0.7608331 0.7879438 0.8147188 0.8404728 0.8509719 0.8334807 0.8151536 0.7876614 0.7541506 0.7148469 ;
0.7235988 0.7235594 0.7252584 0.7459289 0.7671780 0.7870741 0.8082659 0.8227180 0.8389241 0.8577054 0.8585089 0.8432113 0.8279253 0.8033702 0.7714280 0.7388347 ;
0.7913781 0.7931787 0.7976756 0.8087125 0.8202397 0.8306442 0.8426799 0.8508094 0.8540729 0.8614931 0.8568759 0.8428718 0.8257483 0.8013037 0.7688284 0.7546995 ;
0.8606998 0.8632653 0.8670236 0.8636381 0.8612538 0.8608922 0.8632899 0.8662756 0.8652160 0.8622125 0.8502986 0.8388770 0.8190844 0.7939203 0.7627048 0.7554023 ;
0.9011071 0.9026708 0.9043515 0.8939166 0.8839193 0.8766183 0.8722296 0.8712684 0.8704240 0.8628012 0.8443436 0.8333100 0.8120771 0.7881968 0.7565199 0.7489641 ;
0.9066933 0.9060379 0.9044885 0.8998022 0.8933008 0.8860831 0.8795172 0.8740582 0.8656370 0.8592214 0.8427722 0.8336199 0.8118613 0.7840780 0.7544001 0.7422335 ;
0.8898759 0.8907592 0.8928835 0.8933041 0.8927246 0.8882504 0.8811886 0.8776280 0.8636287 0.8610364 0.8476752 0.8359963 0.8110383 0.7778204 0.7440555 0.7260159 ;
0.8934174 0.8946402 0.8966677 0.8981533 0.8976170 0.8942516 0.8855516 0.8783451 0.8714790 0.8696809 0.8543439 0.8378792 0.8093625 0.7753874 0.7388663 0.7042750 ;
0.8993692 0.9013926 0.9048458 0.9084662 0.9114046 0.9111253 0.8936906 0.8810603 0.8741388 0.8719259 0.8607304 0.8506899 0.8236896 0.7817619 0.7272288 0.6892976 ;
0.9125478 0.9114384 0.9094982 0.9069940 0.9034530 0.8986762 0.8904481 0.8819279 0.8722198 0.8764783 0.8702605 0.8576393 0.8283900 0.7904488 0.7413708 0.6835028 ;
0.9253283 0.9202681 0.9117921 0.9031176 0.8941567 0.8844892 0.8767622 0.8717377 0.8647815 0.8780033 0.8740888 0.8599727 0.8311004 0.7878998 0.7341242 0.6793595 ;
0.9340064 0.9265677 0.9142884 0.9026707 0.8920074 0.8814345 0.8733726 0.8689917 0.8609988 0.8598485 0.8530083 0.8384743 0.8170466 0.7799445 0.7309216 0.6775276 ;
0.9403561 0.9316304 0.9172862 0.9040153 0.8922854 0.8812654 0.8730439 0.8689699 0.8598971 0.8543178 0.8458232 0.8314710 0.8122397 0.7775843 0.7303006 0.6769497 ];

Cxm_cyl_fill_mdl_cor_1_vvl_intk_l_lift=[0.6749754 0.6986500 0.7303153 0.7247983 0.6940696 0.6605523 0.6341770 0.6558924 0.7052191 0.7516681 0.8021142 0.8008691 0.7712917 0.7231150 0.6730991 0.6552517 ;
0.6621237 0.6906034 0.7395526 0.7274309 0.6981251 0.6792983 0.6726230 0.7073543 0.7477173 0.7842579 0.8211089 0.8094302 0.7838315 0.7437218 0.6924659 0.6770389 ;
0.6603894 0.6834728 0.7195212 0.7226205 0.7100066 0.7055559 0.7177835 0.7535179 0.7867428 0.8175311 0.8360280 0.8188580 0.7958942 0.7642108 0.7154153 0.6964270 ;
0.6712657 0.6842559 0.7053560 0.7185784 0.7270877 0.7393199 0.7608331 0.7879438 0.8147188 0.8404728 0.8509719 0.8334807 0.8151536 0.7876614 0.7541506 0.7148469 ;
0.7235988 0.7235594 0.7252584 0.7459289 0.7671780 0.7870741 0.8082659 0.8227180 0.8389241 0.8577054 0.8585089 0.8432113 0.8279253 0.8033702 0.7714280 0.7388347 ;
0.7913781 0.7931787 0.7976756 0.8087125 0.8202397 0.8306442 0.8426799 0.8508094 0.8540729 0.8614931 0.8568759 0.8428718 0.8257483 0.8013037 0.7688284 0.7546995 ;
0.8606998 0.8632653 0.8670236 0.8636381 0.8612538 0.8608922 0.8632899 0.8662756 0.8652160 0.8622125 0.8502986 0.8388770 0.8190844 0.7939203 0.7627048 0.7554023 ;
0.9011071 0.9026708 0.9043515 0.8939166 0.8839193 0.8766183 0.8722296 0.8712684 0.8704240 0.8628012 0.8443436 0.8333100 0.8120771 0.7881968 0.7565199 0.7489641 ;
0.9066933 0.9060379 0.9044885 0.8998022 0.8933008 0.8860831 0.8795172 0.8740582 0.8656370 0.8592214 0.8427722 0.8336199 0.8118613 0.7840780 0.7544001 0.7422335 ;
0.8898759 0.8907592 0.8928835 0.8933041 0.8927246 0.8882504 0.8811886 0.8776280 0.8636287 0.8610364 0.8476752 0.8359963 0.8110383 0.7778204 0.7440555 0.7260159 ;
0.8934174 0.8946402 0.8966677 0.8981533 0.8976170 0.8942516 0.8855516 0.8783451 0.8714790 0.8696809 0.8543439 0.8378792 0.8093625 0.7753874 0.7388663 0.7042750 ;
0.8993692 0.9013926 0.9048458 0.9084662 0.9114046 0.9111253 0.8936906 0.8810603 0.8741388 0.8719259 0.8607304 0.8506899 0.8236896 0.7817619 0.7272288 0.6892976 ;
0.9125478 0.9114384 0.9094982 0.9069940 0.9034530 0.8986762 0.8904481 0.8819279 0.8722198 0.8764783 0.8702605 0.8576393 0.8283900 0.7904488 0.7413708 0.6835028 ;
0.9253283 0.9202681 0.9117921 0.9031176 0.8941567 0.8844892 0.8767622 0.8717377 0.8647815 0.8780033 0.8740888 0.8599727 0.8311004 0.7878998 0.7341242 0.6793595 ;
0.9340064 0.9265677 0.9142884 0.9026707 0.8920074 0.8814345 0.8733726 0.8689917 0.8609988 0.8598485 0.8530083 0.8384743 0.8170466 0.7799445 0.7309216 0.6775276 ;
0.9403561 0.9316304 0.9172862 0.9040153 0.8922854 0.8812654 0.8730439 0.8689699 0.8598971 0.8543178 0.8458232 0.8314710 0.8122397 0.7775843 0.7303006 0.6769497 ];

