Cxb_cyl_fill_eng_spd=[600.0000000 750.0000000 1000.0000000 1250.0000000 1500.0000000 1750.0000000 2100.0000000 2500.0000000 3000.0000000 3500.0000000 4000.0000000 4500.0000000 5000.0000000 5500.0000000 6000.0000000 6500.0000000 ];

Cxb_cyl_fill_intk_mfld_prs=[12.0000000 24.0000000 36.0000000 48.0000000 66.0000000 84.0000000 102.0000000 120.0000000 144.0000000 168.0000000 192.0000000 216.0000000 240.0000000 264.0000000 288.0000000 312.0000000 ];

Cxb_cyl_fill_mdl_ex_vlv_cls_angl_cyl_vol=[310.0000000 316.0000000 322.0000000 328.0000000 334.0000000 340.0000000 346.0000000 352.0000000 358.0000000 364.0000000 370.0000000 376.0000000 382.0000000 388.0000000 394.0000000 400.0000000 ];

Cxb_cyl_fill_mdl_intk_vlv_cls_angl_cyl_vol=[430.0000000 438.6666667 447.3333333 456.0000000 464.6666667 473.3333333 482.0000000 490.6666667 499.3333333 508.0000000 516.6666667 525.3333333 534.0000000 542.6666667 551.3333333 560.0000000 ];

Cxb_cyl_fill_mdl_vvt_ex_angl_ovlp_fac=[0.0000000 7.0000000 10.0000000 13.0000000 29.0000000 43.0000000 58.0000000 60.0000000 ];

Cxb_cyl_fill_mdl_vvt_intk_angl_ovlp_fac=[0.0000000 2.0000000 8.0000000 23.0000000 31.0000000 38.0000000 53.0000000 60.0000000 ];

Cxm_cyl_fill_mdl_cor_1=[0.5614221 0.5892910 0.6214371 0.6570762 0.7217588 0.7892854 0.8593516 0.9006699 0.9068172 0.8879125 0.8861794 0.8881608 0.8920699 0.8960511 0.8976952 0.8961337 ;
0.5901009 0.6176603 0.6464525 0.6718549 0.7170882 0.7877095 0.8596778 0.8995941 0.9060801 0.8903058 0.8883093 0.8890202 0.8911441 0.8940253 0.8960318 0.8964725 ;
0.6358305 0.6636514 0.6886822 0.6967817 0.7111991 0.7874850 0.8597165 0.8972139 0.9045224 0.8950790 0.8921195 0.8904548 0.8896178 0.8906023 0.8931363 0.8971341 ;
0.6713898 0.6909749 0.7058022 0.7129471 0.7361944 0.7995018 0.8593340 0.8906166 0.9004437 0.8973510 0.8951502 0.8918477 0.8882381 0.8869113 0.8895502 0.8983225 ;
0.6933537 0.7042631 0.7133237 0.7257391 0.7594790 0.8119025 0.8591168 0.8832508 0.8930785 0.8956322 0.8958428 0.8930392 0.8872250 0.8827423 0.8848835 0.9002982 ;
0.7042886 0.7137296 0.7231287 0.7423263 0.7786873 0.8222146 0.8592881 0.8775846 0.8855826 0.8891882 0.8924197 0.8937281 0.8868699 0.8778471 0.8793999 0.9028387 ;
0.7072297 0.7240860 0.7448400 0.7689754 0.8019433 0.8354707 0.8630435 0.8760526 0.8814407 0.8822240 0.8869344 0.8923840 0.8881360 0.8749128 0.8733137 0.9049797 ;
0.7134398 0.7448610 0.7765322 0.8015699 0.8255410 0.8514161 0.8749539 0.8833988 0.8847825 0.8858892 0.8881774 0.8918012 0.8911502 0.8780912 0.8703988 0.8898312 ;
0.7267349 0.7694216 0.8100624 0.8354509 0.8498935 0.8625099 0.8801245 0.8918479 0.8886200 0.8833661 0.8897606 0.8931486 0.8976958 0.8980744 0.8711660 0.8838676 ;
0.7424460 0.7822127 0.8277007 0.8551635 0.8653145 0.8650486 0.8703691 0.8748380 0.8729219 0.8722960 0.8817593 0.8852069 0.8965429 0.8954674 0.8678084 0.8681926 ;
0.7973794 0.8265683 0.8515635 0.8673614 0.8698490 0.8626023 0.8605433 0.8595050 0.8560548 0.8594740 0.8692937 0.8782508 0.8868093 0.8904229 0.8818891 0.8514182 ;
0.8130667 0.8237878 0.8356927 0.8505586 0.8544644 0.8494780 0.8457030 0.8434109 0.8425244 0.8456607 0.8489422 0.8630381 0.8729877 0.8703174 0.8441714 0.8317002 ;
0.7955352 0.8096350 0.8220137 0.8360947 0.8386947 0.8323453 0.8254426 0.8207167 0.8236322 0.8220689 0.8192243 0.8331305 0.8368837 0.8380048 0.8217461 0.8168489 ;
0.7269589 0.7530078 0.7785881 0.8017151 0.8139901 0.8084022 0.7994786 0.7923962 0.7918001 0.7857985 0.7856759 0.7900008 0.7975781 0.7887363 0.7847655 0.7840082 ;
0.6241860 0.6645720 0.7058703 0.7576354 0.7763014 0.7711293 0.7647048 0.7599609 0.7575838 0.7501024 0.7425642 0.7240489 0.7343041 0.7301680 0.7287488 0.7288029 ;
0.5135053 0.5641076 0.6151024 0.6623518 0.7168493 0.7442178 0.7463788 0.7402771 0.7341313 0.7196526 0.7002986 0.6866865 0.6765052 0.6720712 0.6713537 0.6719470 ];

Cxm_cyl_fill_mdl_cor_1_vvl_intk_l_lift=[0.5614221 0.5892910 0.6214371 0.6570762 0.7217588 0.7892854 0.8593516 0.9006699 0.9068172 0.8879125 0.8861794 0.8881608 0.8920699 0.8960511 0.8976952 0.8961337 ;
0.5901009 0.6176603 0.6464525 0.6718549 0.7170882 0.7877095 0.8596778 0.8995941 0.9060801 0.8903058 0.8883093 0.8890202 0.8911441 0.8940253 0.8960318 0.8964725 ;
0.6358305 0.6636514 0.6886822 0.6967817 0.7111991 0.7874850 0.8597165 0.8972139 0.9045224 0.8950790 0.8921195 0.8904548 0.8896178 0.8906023 0.8931363 0.8971341 ;
0.6713898 0.6909749 0.7058022 0.7129471 0.7361944 0.7995018 0.8593340 0.8906166 0.9004437 0.8973510 0.8951502 0.8918477 0.8882381 0.8869113 0.8895502 0.8983225 ;
0.6933537 0.7042631 0.7133237 0.7257391 0.7594790 0.8119025 0.8591168 0.8832508 0.8930785 0.8956322 0.8958428 0.8930392 0.8872250 0.8827423 0.8848835 0.9002982 ;
0.7042886 0.7137296 0.7231287 0.7423263 0.7786873 0.8222146 0.8592881 0.8775846 0.8855826 0.8891882 0.8924197 0.8937281 0.8868699 0.8778471 0.8793999 0.9028387 ;
0.7072297 0.7240860 0.7448400 0.7689754 0.8019433 0.8354707 0.8630435 0.8760526 0.8814407 0.8822240 0.8869344 0.8923840 0.8881360 0.8749128 0.8733137 0.9049797 ;
0.7134398 0.7448610 0.7765322 0.8015699 0.8255410 0.8514161 0.8749539 0.8833988 0.8847825 0.8858892 0.8881774 0.8918012 0.8911502 0.8780912 0.8703988 0.8898312 ;
0.7267349 0.7694216 0.8100624 0.8354509 0.8498935 0.8625099 0.8801245 0.8918479 0.8886200 0.8833661 0.8897606 0.8931486 0.8976958 0.8980744 0.8711660 0.8838676 ;
0.7424460 0.7822127 0.8277007 0.8551635 0.8653145 0.8650486 0.8703691 0.8748380 0.8729219 0.8722960 0.8817593 0.8852069 0.8965429 0.8954674 0.8678084 0.8681926 ;
0.7973794 0.8265683 0.8515635 0.8673614 0.8698490 0.8626023 0.8605433 0.8595050 0.8560548 0.8594740 0.8692937 0.8782508 0.8868093 0.8904229 0.8818891 0.8514182 ;
0.8130667 0.8237878 0.8356927 0.8505586 0.8544644 0.8494780 0.8457030 0.8434109 0.8425244 0.8456607 0.8489422 0.8630381 0.8729877 0.8703174 0.8441714 0.8317002 ;
0.7955352 0.8096350 0.8220137 0.8360947 0.8386947 0.8323453 0.8254426 0.8207167 0.8236322 0.8220689 0.8192243 0.8331305 0.8368837 0.8380048 0.8217461 0.8168489 ;
0.7269589 0.7530078 0.7785881 0.8017151 0.8139901 0.8084022 0.7994786 0.7923962 0.7918001 0.7857985 0.7856759 0.7900008 0.7975781 0.7887363 0.7847655 0.7840082 ;
0.6241860 0.6645720 0.7058703 0.7576354 0.7763014 0.7711293 0.7647048 0.7599609 0.7575838 0.7501024 0.7425642 0.7240489 0.7343041 0.7301680 0.7287488 0.7288029 ;
0.5135053 0.5641076 0.6151024 0.6623518 0.7168493 0.7442178 0.7463788 0.7402771 0.7341313 0.7196526 0.7002986 0.6866865 0.6765052 0.6720712 0.6713537 0.6719470 ];

