Cxb_cyl_fill_eng_spd=[600.0000000 800.0000000 1000.0000000 1250.0000000 1500.0000000 1750.0000000 2100.0000000 2500.0000000 3000.0000000 3500.0000000 4000.0000000 4500.0000000 5000.0000000 5500.0000000 6000.0000000 6500.0000000 ];

Cxb_cyl_fill_intk_mfld_prs=[12.0000000 24.0000000 36.0000000 48.0000000 66.0000000 84.0000000 102.0000000 120.0000000 144.0000000 168.0000000 192.0000000 216.0000000 240.0000000 264.0000000 288.0000000 312.0000000 ];

Cxb_cyl_fill_mdl_ex_vlv_cls_angl_cyl_vol=[310.0000000 316.0000000 322.0000000 328.0000000 334.0000000 340.0000000 346.0000000 352.0000000 358.0000000 364.0000000 370.0000000 376.0000000 382.0000000 388.0000000 394.0000000 400.0000000 ];

Cxb_cyl_fill_mdl_intk_vlv_cls_angl_cyl_vol=[430.0000000 438.6666667 447.3333333 456.0000000 464.6666667 473.3333333 482.0000000 490.6666667 499.3333333 508.0000000 516.6666667 525.3333333 534.0000000 542.6666667 551.3333333 560.0000000 ];

Cxb_cyl_fill_mdl_vvt_ex_angl_ovlp_fac=[0.0000000 7.0000000 10.0000000 13.0000000 29.0000000 43.0000000 58.0000000 60.0000000 ];

Cxb_cyl_fill_mdl_vvt_intk_angl_ovlp_fac=[0.0000000 2.0000000 8.0000000 23.0000000 31.0000000 38.0000000 53.0000000 60.0000000 ];

Cxm_cyl_fill_mdl_cor_1=[0.7247487 0.7549068 0.7809219 0.7811793 0.7584337 0.7334220 0.7139111 0.7098206 0.7396181 0.7800135 0.8215989 0.8236318 0.7942667 0.7429196 0.6821336 0.6422948 ;
0.7260002 0.7661291 0.8057855 0.8078711 0.7865582 0.7741398 0.7749593 0.7729829 0.7959366 0.8225079 0.8530994 0.8405986 0.8099149 0.7601689 0.7037669 0.6636645 ;
0.7402732 0.7705421 0.7992239 0.8149156 0.8091735 0.8072276 0.8152645 0.8236368 0.8435154 0.8633119 0.8829623 0.8576251 0.8245487 0.7751139 0.7265053 0.6841275 ;
0.7596654 0.7781619 0.7973923 0.8135130 0.8229027 0.8327922 0.8452198 0.8543360 0.8729385 0.8889531 0.9018035 0.8751498 0.8397639 0.7875364 0.7609137 0.7026243 ;
0.8056185 0.7988509 0.7933183 0.8175675 0.8376234 0.8523446 0.8650150 0.8693052 0.8849049 0.8964288 0.8975133 0.8748968 0.8443744 0.8013598 0.7747587 0.7218705 ;
0.8367920 0.8331352 0.8311595 0.8425194 0.8535495 0.8607729 0.8683983 0.8710112 0.8820827 0.8828173 0.8787597 0.8591423 0.8333497 0.7997586 0.7734643 0.7264500 ;
0.8506936 0.8462061 0.8420591 0.8436538 0.8472679 0.8496844 0.8534885 0.8583565 0.8732141 0.8628223 0.8553476 0.8403344 0.8166533 0.7881331 0.7629396 0.7186348 ;
0.8570505 0.8522968 0.8475012 0.8437687 0.8407020 0.8378702 0.8372333 0.8401548 0.8609592 0.8464197 0.8355836 0.8233061 0.8004199 0.7761866 0.7554765 0.7078310 ;
0.8552186 0.8544983 0.8535157 0.8504563 0.8447611 0.8383117 0.8336629 0.8285802 0.8437515 0.8322491 0.8230890 0.8135769 0.7928979 0.7654804 0.7463900 0.6993449 ;
0.8380474 0.8435367 0.8489751 0.8505686 0.8461864 0.8388364 0.8314832 0.8288634 0.8403639 0.8308923 0.8236462 0.8138285 0.7892464 0.7558737 0.7400414 0.6885510 ;
0.8417577 0.8488330 0.8556954 0.8590159 0.8560893 0.8510986 0.8407089 0.8310279 0.8452094 0.8384849 0.8292261 0.8164595 0.7907289 0.7524063 0.7285808 0.6760053 ;
0.8589957 0.8644885 0.8700619 0.8775073 0.8846655 0.8871214 0.8571682 0.8375548 0.8500817 0.8456542 0.8406862 0.8339285 0.8097199 0.7611180 0.7186895 0.6734345 ;
0.8698754 0.8697859 0.8696616 0.8690526 0.8672906 0.8634824 0.8534048 0.8414097 0.8527222 0.8553781 0.8485812 0.8411437 0.8128993 0.7681601 0.7322322 0.6743098 ;
0.8719796 0.8656238 0.8590983 0.8497471 0.8396857 0.8320883 0.8324339 0.8328875 0.8369765 0.8473219 0.8474725 0.8345340 0.8059371 0.7632916 0.7135453 0.6669364 ;
0.8668524 0.8589954 0.8510980 0.8411748 0.8320610 0.8255048 0.8274467 0.8298878 0.8319227 0.8315945 0.8271281 0.8145375 0.7931302 0.7568735 0.7075905 0.6584686 ;
0.8594429 0.8528639 0.8462854 0.8382337 0.8309327 0.8254684 0.8275332 0.8299084 0.8311848 0.8273556 0.8207818 0.8086853 0.7895368 0.7553876 0.7064764 0.6513964 ];

Cxm_cyl_fill_mdl_cor_1_vvl_intk_l_lift=[0.7247487 0.7549068 0.7809219 0.7811793 0.7584337 0.7334220 0.7139111 0.7098206 0.7396181 0.7800135 0.8215989 0.8236318 0.7942667 0.7429196 0.6821336 0.6422948 ;
0.7260002 0.7661291 0.8057855 0.8078711 0.7865582 0.7741398 0.7749593 0.7729829 0.7959366 0.8225079 0.8530994 0.8405986 0.8099149 0.7601689 0.7037669 0.6636645 ;
0.7402732 0.7705421 0.7992239 0.8149156 0.8091735 0.8072276 0.8152645 0.8236368 0.8435154 0.8633119 0.8829623 0.8576251 0.8245487 0.7751139 0.7265053 0.6841275 ;
0.7596654 0.7781619 0.7973923 0.8135130 0.8229027 0.8327922 0.8452198 0.8543360 0.8729385 0.8889531 0.9018035 0.8751498 0.8397639 0.7875364 0.7609137 0.7026243 ;
0.8056185 0.7988509 0.7933183 0.8175675 0.8376234 0.8523446 0.8650150 0.8693052 0.8849049 0.8964288 0.8975133 0.8748968 0.8443744 0.8013598 0.7747587 0.7218705 ;
0.8367920 0.8331352 0.8311595 0.8425194 0.8535495 0.8607729 0.8683983 0.8710112 0.8820827 0.8828173 0.8787597 0.8591423 0.8333497 0.7997586 0.7734643 0.7264500 ;
0.8506936 0.8462061 0.8420591 0.8436538 0.8472679 0.8496844 0.8534885 0.8583565 0.8732141 0.8628223 0.8553476 0.8403344 0.8166533 0.7881331 0.7629396 0.7186348 ;
0.8570505 0.8522968 0.8475012 0.8437687 0.8407020 0.8378702 0.8372333 0.8401548 0.8609592 0.8464197 0.8355836 0.8233061 0.8004199 0.7761866 0.7554765 0.7078310 ;
0.8552186 0.8544983 0.8535157 0.8504563 0.8447611 0.8383117 0.8336629 0.8285802 0.8437515 0.8322491 0.8230890 0.8135769 0.7928979 0.7654804 0.7463900 0.6993449 ;
0.8380474 0.8435367 0.8489751 0.8505686 0.8461864 0.8388364 0.8314832 0.8288634 0.8403639 0.8308923 0.8236462 0.8138285 0.7892464 0.7558737 0.7400414 0.6885510 ;
0.8417577 0.8488330 0.8556954 0.8590159 0.8560893 0.8510986 0.8407089 0.8310279 0.8452094 0.8384849 0.8292261 0.8164595 0.7907289 0.7524063 0.7285808 0.6760053 ;
0.8589957 0.8644885 0.8700619 0.8775073 0.8846655 0.8871214 0.8571682 0.8375548 0.8500817 0.8456542 0.8406862 0.8339285 0.8097199 0.7611180 0.7186895 0.6734345 ;
0.8698754 0.8697859 0.8696616 0.8690526 0.8672906 0.8634824 0.8534048 0.8414097 0.8527222 0.8553781 0.8485812 0.8411437 0.8128993 0.7681601 0.7322322 0.6743098 ;
0.8719796 0.8656238 0.8590983 0.8497471 0.8396857 0.8320883 0.8324339 0.8328875 0.8369765 0.8473219 0.8474725 0.8345340 0.8059371 0.7632916 0.7135453 0.6669364 ;
0.8668524 0.8589954 0.8510980 0.8411748 0.8320610 0.8255048 0.8274467 0.8298878 0.8319227 0.8315945 0.8271281 0.8145375 0.7931302 0.7568735 0.7075905 0.6584686 ;
0.8594429 0.8528639 0.8462854 0.8382337 0.8309327 0.8254684 0.8275332 0.8299084 0.8311848 0.8273556 0.8207818 0.8086853 0.7895368 0.7553876 0.7064764 0.6513964 ];

