%%%%%%%%%%%%%%%%%%%%%%%%%%%%%%%%%%%%%%%%%%%%%%%%%%%%%%%%%%%%%%%%%%%%%%%%%%%
%% Calibrations Export Unique
%%%%%%%%%%%%%%%%%%%%%%%%%%%%%%%%%%%%%%%%%%%%%%%%%%%%%%%%%%%%%%%%%%%%%%%%%%%

%% Calibrations type MAP %%%%%%%%%%%%%%%%%%%%%%%%%%%%%%%%%%%%%%%%%%%%%%%%%%

Cxm_cyl_fill_efy_bas = [0.949999988079071 0.949999988079071 0.964999973773956 0.949999988079071 0.910000026226044 0.899999976158142 0.870000004768372 0.860000014305115 0.855000019073486 0.855000019073486 0.839999973773956 0.800000011920929 0.75 0.720000028610229 0.654999971389771 0.610000014305115;
                        0.949999988079071 0.949999988079071 0.964999973773956 0.949999988079071 0.910000026226044 0.899999976158142 0.870000004768372 0.860000014305115 0.855000019073486 0.855000019073486 0.839999973773956 0.800000011920929 0.75 0.720000028610229 0.654999971389771 0.610000014305115;
                        0.949999988079071 0.949999988079071 0.964999973773956 0.949999988079071 0.910000026226044 0.899999976158142 0.879999995231628 0.879999995231628 0.860000014305115 0.860000014305115 0.839999973773956 0.800000011920929 0.75 0.720000028610229 0.654999971389771 0.610000014305115;
                        0.944999992847443 0.944999992847443 0.949999988079071 0.939999997615814 0.910000026226044 0.899999976158142 0.884999990463257 0.884999990463257 0.870000004768372 0.855000019073486 0.839999973773956 0.800000011920929 0.75 0.720000028610229 0.654999971389771 0.610000014305115;
                        0.935000002384186 0.935000002384186 0.930000007152557 0.925000011920929 0.910000026226044 0.899999976158142 0.889999985694885 0.884999990463257 0.870000004768372 0.850000023841858 0.829999983310699 0.800000011920929 0.759999990463257 0.709999978542328 0.654999971389771 0.610000014305115;
                        0.930000007152557 0.930000007152557 0.930000007152557 0.920000016689301 0.910000026226044 0.899999976158142 0.889999985694885 0.884999990463257 0.865000009536743 0.850000023841858 0.829999983310699 0.800000011920929 0.754999995231628 0.709999978542328 0.654999971389771 0.612999975681305;
                        0.949999988079071 0.949999988079071 0.949999988079071 0.939999997615814 0.920000016689301 0.910000026226044 0.904999971389771 0.894999980926514 0.870000004768372 0.855000019073486 0.819999992847443 0.790000021457672 0.75 0.709999978542328 0.662999987602234 0.612999975681305;
                        0.949999988079071 0.949999988079071 0.949999988079071 0.939999997615814 0.920000016689301 0.915000021457672 0.904999971389771 0.899999976158142 0.870000004768372 0.855000019073486 0.819999992847443 0.790000021457672 0.745000004768372 0.709999978542328 0.657999992370605 0.615000009536743;
                        0.949999988079071 0.949999988079071 0.949999988079071 0.939999997615814 0.930000007152557 0.915000021457672 0.904999971389771 0.899999976158142 0.875 0.855000019073486 0.819999992847443 0.785000026226044 0.745000004768372 0.699999988079071 0.652999997138977 0.600000023841858;
                        0.949999988079071 0.949999988079071 0.949999988079071 0.930000007152557 0.915000021457672 0.920000016689301 0.904999971389771 0.899999976158142 0.870000004768372 0.850000023841858 0.819999992847443 0.779999971389771 0.740000009536743 0.689999997615814 0.639999985694885 0.600000023841858;
                        0.939999997615814 0.939999997615814 0.949999988079071 0.930000007152557 0.920000016689301 0.920000016689301 0.904999971389771 0.889999985694885 0.870000004768372 0.845000028610229 0.810000002384186 0.774999976158142 0.730000019073486 0.680000007152557 0.629999995231628 0.600000023841858;
                        0.939999997615814 0.939999997615814 0.949999988079071 0.930000007152557 0.920000016689301 0.915000021457672 0.899999976158142 0.889999985694885 0.870000004768372 0.850000023841858 0.810000002384186 0.769999980926514 0.709999978542328 0.680000007152557 0.628000020980835 0.589999973773956;
                        0.939999997615814 0.939999997615814 0.949999988079071 0.930000007152557 0.920000016689301 0.915000021457672 0.899999976158142 0.884999990463257 0.870000004768372 0.839999973773956 0.800000011920929 0.769999980926514 0.714999973773956 0.670000016689301 0.628000020980835 0.589999973773956;
                        0.939999997615814 0.939999997615814 0.949999988079071 0.930000007152557 0.920000016689301 0.915000021457672 0.899999976158142 0.889999985694885 0.870000004768372 0.829999983310699 0.800000011920929 0.769999980926514 0.714999973773956 0.670000016689301 0.628000020980835 0.589999973773956;
                        0.939999997615814 0.939999997615814 0.949999988079071 0.930000007152557 0.920000016689301 0.915000021457672 0.899999976158142 0.889999985694885 0.870000004768372 0.829999983310699 0.800000011920929 0.769999980926514 0.714999973773956 0.670000016689301 0.628000020980835 0.589999973773956;
                        0.939999997615814 0.939999997615814 0.949999988079071 0.930000007152557 0.920000016689301 0.915000021457672 0.899999976158142 0.889999985694885 0.870000004768372 0.829999983310699 0.800000011920929 0.769999980926514 0.714999973773956 0.670000016689301 0.628000020980835 0.589999973773956]';
% Cxb_cyl_fill_eng_spd = [600 750 1000 1250 1500 1750 2100 2500 3000 3500 4000 4500 5000 5500 6000 6500];
% Cxb_cyl_fill_intk_mfld_prs = [12 24 36 48 66 84 102 120 144 168 192 216 240 264 288 312];

Cxm_cyl_fill_efy_intk_vlv_temp_cor = [1 1 1 1 1 1 1 1 1;
                                      1 1 1 1 1 1 1 1 1;
                                      1 1 1 1 1 1 1 1 1;
                                      1 1 1 1 1 1 1 1 1;
                                      1 1 1 1 1 1 1 1 1;
                                      1 1 1 1 1 1 1 1 1;
                                      1 1 1 1 1 1 1 1 1;
                                      1 1 1 1 1 1 1 1 1;
                                      1 1 1 1 1 1 1 1 1;
                                      1 1 1 1 1 1 1 1 1;
                                      1 1 1 1 1 1 1 1 1;
                                      1 1 1 1 1 1 1 1 1;
                                      1 1 1 1 1 1 1 1 1;
                                      1 1 1 1 1 1 1 1 1;
                                      1 1 1 1 1 1 1 1 1;
                                      1 1 1 1 1 1 1 1 1]';
Cxb_intk_mfld_temp_2 = [-40 -20 0 20 40 60 80 100 120];
% Cxb_cyl_fill_intk_mfld_prs = [12 24 36 48 66 84 102 120 144 168 192 216 240 264 288 312];

